80 62
5 4
1 1 0 0 0
1 0 0 0 0
1 0 0 0 0
1 1 1 1 1
5 4
1 0 0 0 0
1 1 0 0 0
1 0 0 0 0
1 1 1 1 1
5 4
1 0 0 0 0
1 0 0 0 0
1 1 0 0 0
1 1 1 1 1
5 4
1 0 0 0 0
1 0 0 0 0
1 0 1 0 0
1 1 1 1 1
5 4
1 0 0 0 0
1 0 0 0 0
1 0 0 1 0
1 1 1 1 1
5 4
1 0 0 0 0
1 0 0 0 0
1 0 0 0 1
1 1 1 1 1
5 4
0 0 0 1 1
0 0 0 0 1
0 0 0 0 1
1 1 1 1 1
5 4
0 0 0 0 1
0 0 0 1 1
0 0 0 0 1
1 1 1 1 1
5 4
0 0 0 0 1
0 0 0 0 1
0 0 0 1 1
1 1 1 1 1
5 4
0 0 0 0 1
0 0 0 0 1
0 0 1 0 1
1 1 1 1 1
5 4
0 0 0 0 1
0 0 0 0 1
0 1 0 0 1
1 1 1 1 1
5 4
0 0 0 0 1
0 0 0 0 1
1 0 0 0 1
1 1 1 1 1
5 4
0 0 0 1 0
0 0 0 1 0
0 0 0 1 1
1 1 1 1 1
5 4
0 0 0 1 0
0 0 0 1 1
0 0 0 1 0
1 1 1 1 1
5 4
0 0 0 1 1
0 0 0 1 0
0 0 0 1 0
1 1 1 1 1
5 4
0 0 1 1 0
0 0 0 1 0
0 0 0 1 0
1 1 1 1 1
5 4
0 0 0 1 0
0 0 1 1 0
0 0 0 1 0
1 1 1 1 1
5 4
0 0 0 1 0
0 0 0 1 0
0 0 1 1 0
1 1 1 1 1
5 4
0 0 0 1 0
0 0 0 1 0
0 1 0 1 0
1 1 1 1 1
5 4
0 0 0 1 0
0 0 0 1 0
1 0 0 1 0
1 1 1 1 1
5 4
0 0 1 0 0
0 0 1 0 0
0 0 1 0 1
1 1 1 1 1
5 4
0 0 1 0 0
0 0 1 0 0
0 0 1 1 0
1 1 1 1 1
5 4
0 0 1 0 0
0 0 1 1 0
0 0 1 0 0
1 1 1 1 1
5 4
0 0 1 1 0
0 0 1 0 0
0 0 1 0 0
1 1 1 1 1
5 4
0 1 1 0 0
0 0 1 0 0
0 0 1 0 0
1 1 1 1 1
5 4
0 0 1 0 0
0 1 1 0 0
0 0 1 0 0
1 1 1 1 1
5 4
0 0 1 0 0
0 0 1 0 0
0 1 1 0 0
1 1 1 1 1
5 4
0 0 1 0 0
0 0 1 0 0
1 0 1 0 0
1 1 1 1 1
5 4
0 1 0 0 0
0 1 0 0 0
0 1 0 0 1
1 1 1 1 1
5 4
0 1 0 0 0
0 1 0 0 0
0 1 0 1 0
1 1 1 1 1
5 4
0 1 0 0 0
0 1 0 0 0
0 1 1 0 0
1 1 1 1 1
5 4
0 1 0 0 0
0 1 1 0 0
0 1 0 0 0
1 1 1 1 1
5 4
0 1 1 0 0
0 1 0 0 0
0 1 0 0 0
1 1 1 1 1
5 4
1 1 0 0 0
0 1 0 0 0
0 1 0 0 0
1 1 1 1 1
5 4
0 1 0 0 0
1 1 0 0 0
0 1 0 0 0
1 1 1 1 1
5 4
0 1 0 0 0
0 1 0 0 0
1 1 0 0 0
1 1 1 1 1
5 4
0 1 0 0 0
0 1 0 0 0
1 1 1 1 1
1 1 0 0 0
5 4
0 1 0 0 0
0 1 0 0 0
1 1 1 1 1
0 1 1 0 0
5 4
0 1 0 0 0
0 1 0 0 0
1 1 1 1 1
0 1 0 1 0
5 4
0 1 0 0 0
0 1 0 0 0
1 1 1 1 1
0 1 0 0 1
5 4
0 1 0 0 0
1 1 0 0 0
1 1 1 1 1
0 1 0 0 0
5 4
0 1 0 0 0
0 1 1 0 0
1 1 1 1 1
0 1 0 0 0
5 4
0 1 0 0 0
0 1 0 1 0
1 1 1 1 1
0 1 0 0 0
5 4
0 1 0 0 0
0 1 0 0 1
1 1 1 1 1
0 1 0 0 0
5 4
1 1 0 0 0
1 0 0 0 0
1 1 1 1 1
1 0 0 0 0
5 4
1 0 0 0 0
1 1 0 0 0
1 1 1 1 1
1 0 0 0 0
5 4
1 0 0 0 0
1 0 0 0 0
1 1 1 1 1
1 1 0 0 0
5 4
1 0 0 0 0
1 0 1 0 0
1 1 1 1 1
1 0 0 0 0
5 4
1 0 0 0 0
1 0 0 0 0
1 1 1 1 1
1 0 1 0 0
5 4
1 0 0 0 0
1 0 0 1 0
1 1 1 1 1
1 0 0 0 0
5 4
1 0 0 0 0
1 0 0 0 0
1 1 1 1 1
1 0 0 1 0
5 4
1 0 0 0 0
1 0 0 0 1
1 1 1 1 1
1 0 0 0 0
5 4
1 0 0 0 0
1 0 0 0 0
1 1 1 1 1
1 0 0 0 1
5 4
0 0 1 0 0
1 0 1 0 0
1 1 1 1 1
0 0 1 0 0
5 4
0 0 1 0 0
0 1 1 0 0
1 1 1 1 1
0 0 1 0 0
5 4
0 1 1 0 0
0 0 1 0 0
1 1 1 1 1
0 0 1 0 0
5 4
0 0 1 1 0
0 0 1 0 0
1 1 1 1 1
0 0 1 0 0
5 4
0 0 1 0 0
0 0 1 1 0
1 1 1 1 1
0 0 1 0 0
5 4
0 0 1 0 0
0 0 1 0 1
1 1 1 1 1
0 0 1 0 0
5 4
0 0 1 0 0
0 0 1 0 0
1 1 1 1 1
0 0 1 0 1
6 4
0 0 1 0 0 0
0 0 1 0 0 0
1 1 1 1 1 1
0 0 1 0 0 0
6 4
0 0 1 0 0 0
0 0 1 0 0 0
0 0 1 0 0 0
1 1 1 1 1 1